0000
0000
0000
0000
0000
0000
0000
0000
0000
0000
0000
0000
11E8
0000
EF52
0000
0000
0000
0000
0000
0000
0000
0000
0000
0000
0000
0000
0000
0000
0000
0000
0000
0000
148D
268D
2C3B
1CCF
1617
2C2E
0000
0000
0000
16B2
0000
0000
0000
3273
27E0
2A1B
1C4E
0000
0000
0000
0000
0000
0000
0000
0000
0000
0000
0000
1C1F
1BFE
0000
2C20
270F
335E
1D7D
1AD6
2AAB
31ED
2B9D
1DB5
2C39
2FA6
2E05
313A
245F
1313
15FF
0000
0000
0000
0000
0000
0000
14FC
0000
1081
0000
1811
2400
193F
209C
1E3E
18B6
0000
1329
17D8
0000
0000
0FF4
19E8
16AC
124B
130B
18B6
0000
0000
0000
0000
0000
0000
0000
0000
0000
0000
0000
0000
0000
0000
0000
0000
0000
0000
0000
1212
0000
0000
0000
0000
0000
0000
0000
0000
0000
0000
EEEB
0000
0000
0000
0000
14FD
EEC0
0000
0000
0000
0000
0000
0000
0000
0000
0000
0000
0000
0000
0000
0000
0000
0000
0000
0000
0000
0000
0000
0000
0000
1797
0000
0000
0000
E431
0000
0000
EDCB
0000
0000
0000
0000
0000
0000
0000
0000
0000
0000
0000
0000
0000
0000
0000
0000
0000
0000
0000
0000
1656
0000
EF08
0000
E1FA
0000
0000
0000
0000
0000
0000
0000
0000
0000
0000
0000
0000
0000
0000
0000
0000
0000
0000
0000
0000
0000
0000
0000
0000
0000
E690
0000
0000
0000
0000
0000
0000
0000
0000
0000
0000
0000
0000
0000
0000
0000
0000
0000
0000
0000
0000
0000
0000
0000
1808
0000
0000
0000
EA09
0000
0000
0000
0000
0000
0000
0000
0000
0000
0000
0000
0000
0000
0000
0000
0000
0000
0000
0000
0000
0000
0000
0000
0000
0000
E4D5
0000
EC46
EA8D
E61A
0000
0000
0000
0000
0000
0000
0000
0000
0000
EEB2
EB6F
EF6E
F065
0000
0000
0000
0000
0000
0000
0000
0000
0000
0000
EB42
EF29
0000
F00B
0000
0000
0000
0000
0000
0000
0000
0000
0000
0000
0000
0000
0000
0000
0000
0000
0000
0000
0000
0000
0000
0000
0000
0000
0000
0000
0000
0000
0000
0000
0000
0000
0000
0000
0000
0000
0000
0000
0F8B
0000
0000
0000
0000
0000
0000
0000
10BE
0000
13E2
1AFA
0000
0000
0000
106F
0000
0000
0000
0000
0000
0000
0000
0000
0000
0000
0000
0000
1659
1756
1249
0000
0000
0000
0000
0000
0000
0000
0000
0000
0000
0000
0000
0000
0000
E8F7
12A9
0000
0000
0000
0000
0000
0000
0000
0000
0000
1D08
1C16
0000
0000
0000
0000
0000
0000
0000
0000
0000
0000
0000
0000
0000
0000
0000
0000
1208
0000
0000
0000
0000
0000
0000
0000
0000
12C8
1E38
1B4D
0000
0000
0000
0000
0000
0000
0000
0000
0000
0000
0000
0000
EF5E
0000
0000
0000
0000
EC8D
0000
0000
0000
0000
0000
0000
1258
18C3
20E3
1866
0000
0000
0000
0000
EDB7
ECC1
0000
0000
0000
0000
1B57
0000
0000
0000
EFCB
112A
0000
0000
0000
0000
0000
0000
0000
1629
18FE
19DA
1624
0000
0000
0000
0000
0000
0000
0000
0000
0000
0000
0000
0000
0000
0000
0000
0000
0000
0000
0000
0000
0000
0000
0000
108E
122F
12DB
169F
0000
0000
0000
0000
0000
0000
0000
0000
0000
0000
11E3
100C
11D2
0000
1BC2
0000
EDE4
0000
0000
0000
0000
0000
0000
0000
0000
10E8
0000
0000
0000
0000
0000
0000
0000
0000
0000
0000
0000
0000
0000
0FCA
183D
15DF
17B0
0000
0000
0000
0000
0000
0000
0000
0000
0000
0000
0000
0000
0000
0000
0000
0000
0000
0000
0000
0000
0000
11E3
0000
0000
0000
0000
16DD
0000
0000
0000
0000
0000
0000
0000
0000
0000
0000
0000
0000
0000
0000
0000
0000
0000
0000
0000
0000
0000
0000
0000
0000
1206
0000
0000
0000
0000
0000
14C7
0000
0000
125B
0000
0000
0000
0000
0000
0000
0000
0000
0000
0000
0000
0000
0000
0000
123D
0000
0000
0000
0000
0000
0000
0000
0000
0000
0000
0000
0000
0000
0000
0000
0000
0000
0000
0000
0000
0000
105D
0000
0000
0000
0000
0000
0000
15BF
0000
12BB
0000
0000
0000
0000
0000
0000
0000
0000
E0FE
D5E8
E062
0000
0000
0000
0000
0000
0000
0000
0000
0000
0000
128E
0000
104B
0000
0000
0000
0000
118E
0000
1392
0000
0000
0000
0000
0000
E849
DFE4
EB15
0000
0000
0000
0000
0000
0000
0000
0000
0000
0000
0000
0000
0000
0000
102C
0000
0000
0000
E6BB
0000
ED39
0000
0000
0000
0000
0000
0000
E781
0000
0000
0000
0000
0000
0000
0000
0000
0000
0000
0000
0000
0000
0000
0000
0000
0000
1A76
0000
0000
0000
0000
0000
0000
0000
0000
0000
0000
0000
0000
0000
0000
0000
1612
0000
0000
0000
1632
0000
0FD4
1B0F
16FD
1672
0000
0000
0000
0000
0000
0000
0000
0000
0000
0000
0000
0000
0000
0000
0000
0000
0000
0000
0000
15BC
1A70
12CA
0000
0000
0000
0000
0000
0000
0000
0000
0000
0000
0000
0000
0000
0000
0000
0000
0000
0000
12E9
1992
2125
287D
1D66
1E99
1071
1871
259C
0000
0000
2515
1503
1C28
2400
1F45
1840
16E1
0000
0000
0000
0000
0000
0000
0000
0000
1517
109D
0000
0000
0000
1024
0000
119A
140D
0000
0000
0000
0000
0000
0000
0000
0000
0000
1779
0000
26AE
2223
1526
0000
0000
0000
0000
0000
12C0
0000
0000
0000
0000
0000
0000
0000
0000
0000
0000
0000
0000
0000
0000
0000
0000
0000
0000
0000
0000
102F
104A
0000
0000
0000
0000
0000
2606
0000
0000
0000
0000
0000
105F
0FC5
0000
0000
0000
0000
0000
0000
0000
0000
0000
0000
0000
EDA8
DF3D
E033
0000
0000
0000
0000
0000
0000
0000
0000
EF64
0000
0000
0000
0000
0000
0000
0000
0000
0000
0000
0000
0000
0000
0000
0000
0000
0000
0000
EC7D
0000
0000
0000
0000
0000
1020
14BE
0000
0000
0000
0000
0000
0000
0000
0000
0000
0000
0000
0000
0000
0000
0000
0000
0000
0000
0000
0000
DE95
F068
0000
0000
0000
0000
0000
1212
0000
0000
0000
0000
0000
0000
0000
0000
0000
0000
0000
0000
0000
0000
0000
0000
0000
0000
0000
0000
0000
DF6C
0000
0000
0000
0000
0FEA
0000
0000
0000
0000
0000
0000
0000
0000
0000
0000
0000
0000
0000
0000
0000
0000
0000
0000
0000
0000
0000
EEA2
D262
0000
0000
0000
0000
13F8
1137
15FE
14C2
0000
0000
0000
0000
0000
0000
0000
0000
0000
0000
0000
0000
0000
0000
0000
0000
0000
0000
0000
D749
0000
0000
0000
0000
0000
0000
0000
0000
0000
0000
0000
0000
0000
0000
0000
0000
0000
0000
0000
0000
0000
0000
0000
0000
0000
0000
0000
DA8D
EBAB
0000
0000
0000
0000
EF37
EF0B
0000
0000
0000
0000
0000
EA62
0000
EE21
EF22
EDCC
EF0B
0000
0000
0000
0000
0000
0000
0000
1914
0000
ECA2
DA9E
0000
0000
0000
0000
DEC9
E5AA
E6C8
DB5F
DEDE
EF0A
EBB6
0000
0000
0000
0000
EF36
0000
0000
0000
0000
0000
0000
0000
0000
0000
16BF
0FA4
E5B0
E743
0000
0000
0000
E8EF
D3C2
E89F
E71A
0000
EF6E
0000
0000
0000
0000
0000
0000
0000
0000
0000
0000
0000
0000
0000
0000
0000
14C7
0000
0000
0000
0000
EC16
0000
E8BD
E1DF
0000
0000
0000
0000
0000
0000
0000
0000
0000
0000
0000
0000
0000
0000
0000
0000
0000
0000
0000
0000
0000
246E
0000
0000
0000
0000
0000
0000
123C
0000
0000
0000
0000
0000
0000
0000
0000
0000
0000
0000
0000
0000
0000
0000
0000
0000
0000
0000
2073
1CF4
12A6
0000
0000
0000
0000
0000
0000
0000
0000
0000
0000
0000
0000
0000
0000
0000
0000
0000
0000
0000
0000
0000
0000
0000
0000
0000
323B
1A68
1395
0000
0000
0000
0000
0000
0000
0000
0000
0000
0000
0000
0000
0000
0000
0000
0000
0000
0000
0000
0000
0000
0000
0000
0000
0FC7
38AF
2E0D
1E3F
0000
0000
0000
0000
0000
0000
0000
0000
0000
0000
0000
0000
0000
0000
0000
0000
0000
0000
0000
0000
0000
0000
0000
0000
1A9F
2972
0000
0000
0000
1546
0000
0000
0000
0000
0000
0000
0000
0000
0000
0000
0000
0000
0000
0000
0000
0000
0000
0000
0000
0000
12D6
0000
1492
1611
0000
0000
0000
17FB
0000
0000
0000
10ED
0000
0000
0000
0000
0000
0000
0000
0000
0000
0000
0000
0000
0000
0000
0000
0000
0000
0000
0000
0000
0000
0000
EF76
0000
1E59
0F91
0000
0000
0000
0000
0000
0000
0000
0000
0000
0000
0000
0000
0000
0000
0000
0000
0000
0000
0000
11DA
0000
142D
1A8D
0000
0000
EECD
1FA5
1351
0000
0000
0000
0000
0000
0000
0000
0000
0000
0000
0000
0000
0000
0000
0000
0000
0000
0000
0000
0000
0000
0000
0000
0000
0000
0000
0000
0000
0000
0000
0000
0000
0000
0000
0000
0000
0000
0000
0000
0000
0000
0000
0000
0000
0000
0000
15A9
0000
0000
135F
EDCF
0000
0000
0000
0000
0000
0000
0000
0000
0000
0000
0000
0000
0000
0000
0000
0000
0000
0000
0000
0000
0000
0000
0000
0000
E129
1B43
10FE
0000
0000
0000
0000
0000
EE9E
0000
0000
0000
0000
0000
0000
0000
0000
0000
0000
0000
133C
0000
0000
0000
0000
E909
E84E
DF7D
D353
EE64
0000
0000
0000
0000
0000
0000
EF6F
0000
EE86
EDBD
0000
0000
0000
0000
0000
0000
0000
0000
0000
0000
0000
0000
0000
0000
0000
EF7C
0000
0000
0000
0000
0000
0000
0000
0000
0000
10CF
0000
127B
0FC4
0000
0000
1E4A
0000
0000
174C
1741
12C4
1785
2225
0000
0000
0000
0000
0000
0000
0000
0000
0000
0000
0000
0000
0000
0000
0000
0000
0000
0000
0000
0000
0000
0000
0000
0000
0000
0000
0000
0000
0000
0000
0000
0000
0000
0000
0000
0000
0000
0000
0000
0000
0000
0000
0000
EDB0
0000
EF3F
0000
0000
0000
E61A
DD67
EDB2
0000
155E
1A9D
0000
E764
E3DD
EDB0
ECF3
0000
0000
0000
0000
0000
0000
0000
0000
0000
0000
E9F1
E881
0000
EADA
0000
0000
0000
0000
0000
0000
0000
111C
1484
0000
0000
0000
0000
0000
EF58
14E5
0000
121C
0000
0000
0000
0000
0000
0000
EFDA
1A2A
0000
0000
0000
0000
0000
0000
16A2
1B20
0000
0000
1306
0000
0000
0000
0000
0000
E633
E50B
EF2E
0000
0000
0000
0000
0000
0000
1106
0000
146B
0000
0000
121B
15FF
0FAF
0000
119D
0000
0000
0000
0000
0000
0000
0000
0000
0000
0000
E29F
E880
0000
0000
0000
0000
0000
25CD
1748
0000
1D82
0000
0000
0000
0000
0000
0000
0000
0000
0000
0000
0000
0000
0000
0000
0000
0000
0000
0000
0000
0000
0000
0000
0000
0000
0000
1334
0000
0000
1131
0000
0000
0000
0000
0000
0000
0000
0000
0000
0000
0000
0000
0000
0000
0000
0000
0000
EB3D
DAC1
0000
0000
0000
21F0
0000
1608
1BAB
0000
0000
0000
0000
0000
0000
0000
0000
0000
0000
0000
0000
0000
0000
0000
0000
0000
0000
0000
DFD9
CF40
0000
0000
0000
1FF5
1E34
0FD8
1B69
0000
0000
0000
0000
0000
0000
0000
0000
0000
0000
0000
0000
0000
0000
0000
0000
0000
0000
EB23
C86C
C9FD
0000
0000
0000
14E2
2842
0000
2115
0000
0000
0FCD
0000
0000
0000
0000
0000
0000
0000
0000
0000
0000
0000
0000
0000
0000
0000
0000
CFBC
D547
0000
0000
0000
21D5
154F
0000
1587
0000
0000
0000
0000
EB4C
E95F
E612
E6B2
0000
0000
0000
0000
0000
0000
0000
0000
0000
0000
0000
CA2A
0000
11E4
0000
0000
0000
0000
0000
0000
EC86
E694
DDAB
E19D
E732
F00C
0000
0000
0000
0000
0000
0000
0000
0000
0000
0000
0000
0000
0000
0000
1D3E
0000
1663
0000
0000
0000
0000
E1AF
E00B
D2CE
EAB0
EA01
0000
0000
EFBC
0000
0000
0000
0000
0000
0000
0000
0000
0000
ED38
EAC6
EEC5
0000
1D0D
18BD
0000
0000
ED08
0000
0000
E2F0
DB16
E512
0000
0000
0000
0000
0000
0000
0000
0000
0000
0000
0000
0000
0000
0000
0000
E910
EED4
0000
15CA
0000
0000
0000
0000
0000
0000
0000
EB90
0000
0000
0000
0000
0000
0000
0000
0000
12CE
0000
0000
0000
0000
0000
0000
0000
0000
0000
0000
0000
162C
0000
0000
0000
0000
0000
0000
0000
0000
0000
0000
0000
0000
0000
0000
0000
14B9
0000
0000
0000
0000
0000
0000
0000
0000
0000
0000
0FC3
1799
10B5
0000
1627
0000
1781
0000
0000
0000
0000
0000
0000
0000
0000
0000
0000
0000
0000
0000
0000
0000
0000
0000
0000
0000
0000
1191
1324
1F77
0000
0000
147D
0000
0000
0000
0000
0000
0000
0000
0000
0000
0000
0000
0000
0000
0000
0000
0000
0000
0000
0000
0000
0000
0000
0000
14BE
20FB
0000
0000
11D8
0000
11A0
0000
0000
0000
0000
0000
0000
0000
0000
0000
0000
0000
0000
0000
0000
0000
0000
0000
0000
0000
0000
0000
1F77
15F6
1FA7
0000
EEEA
0000
1320
0000
0000
0000
0000
0000
0000
0000
0000
0000
0000
0000
0000
0000
0000
0000
0000
0000
0000
0000
0000
0000
1AC2
1691
1360
0000
0000
EE42
0FDE
1389
0000
0000
0000
0000
0000
0000
0000
0000
0000
0000
0000
0000
0000
0000
0000
0000
0000
0000
0000
0000
0000
1049
0000
0000
0000
18C7
1521
0000
0000
0000
0000
0000
0000
0000
0000
0000
0000
0000
0000
0000
0000
0000
0000
0000
0000
0000
0000
0000
0000
10DF
0000
1308
19BD
0000
1BE8
10C6
148F
0000
0000
0000
0000
0000
0000
0000
0000
0000
0000
0000
0000
0000
0000
0000
0000
0000
0000
0000
0000
2072
0000
0000
0000
1436
0000
0000
0000
0000
0000
0000
0000
0000
0000
0000
0000
0000
0000
0000
0000
0000
0000
0000
0000
0000
EC00
0000
0000
179A
0000
0000
0000
1C0D
0000
0000
10C9
1696
0000
0000
0000
0000
0000
0000
0000
0000
0000
0000
0000
0000
0000
0000
0000
0000
0000
0FC5
0000
1908
0000
0000
0000
0000
EE6C
0000
0000
0000
0000
11E8
11B4
0000
0000
1251
0000
0000
0000
0000
0000
0000
0000
0000
0000
EDE6
DF83
0000
0000
0000
0000
0000
0000
0000
0000
0000
0000
EDB0
0000
0000
0000
0000
0000
0000
0000
0000
0000
0000
10FF
0000
0000
0000
EF6D
E517
0000
0000
0FF1
0000
0000
0000
0000
0000
0000
0000
0000
0000
15F8
0FA8
1CC9
0000
1785
167F
1035
1187
0000
0000
0000
0000
0FD3
132C
EE49
ED49
0000
0000
0000
0000
0000
0000
0000
0000
0000
0000
0000
0000
0000
0000
0000
0000
0000
0000
0000
0000
0000
0000
0000
0000
0000
0000
0000
0000
0000
0000
0000
0000
0000
0000
0000
0000
0000
0000
0000
0000
0000
0000
0000
0000
0000
0000
0000
0000
0000
0000
0000
0FC4
0000
0000
0000
0000
0000
0000
0000
0000
0000
0000
0000
0000
0000
0000
EEF9
0000
0000
EA81
E2B3
E61D
EE4A
E271
F08F
0000
0000
0000
0000
1303
1107
0000
0000
0000
0000
EC3B
EB18
0000
0000
0000
0000
0000
0000
EE33
0000
0000
0000
0000
0000
0000
0000
10C1
0000
0000
113E
0000
0000
0000
0000
0000
0000
0000
0000
0000
0000
0000
0000
0000
0000
0000
1A0E
119E
0000
0000
0000
0000
0000
0FC3
136F
1201
0000
0000
11B8
0000
0000
0000
0000
0000
0000
0000
0000
1022
15E9
1CA6
0000
0000
0000
E9EC
1785
0000
0000
0000
0000
0000
0000
0000
17A2
0000
0000
0000
0000
0000
0000
0000
0000
0000
0000
0000
0000
0000
105C
177D
EB27
0000
0000
0000
0F77
0000
0000
0000
0000
0000
0000
0000
1035
0000
1167
0000
0000
0000
0000
0000
0000
0000
0000
0000
0000
1725
1E7D
1629
0000
0000
1602
0000
0000
0000
0000
0000
0000
0000
0000
0000
0000
0000
0000
114E
1223
1105
0000
0000
0000
0000
0000
0000
0000
114E
25EA
10A2
13D3
0000
0000
0000
0F7E
0000
0000
0000
0000
0000
0000
0000
0000
0000
0000
0000
0000
1005
0000
0000
0000
0000
0000
0000
0000
206B
260E
1B83
1E8F
0000
0000
0000
1A3F
0000
0000
0000
0000
0000
0000
0000
0000
0000
0000
0000
0000
0000
0000
0000
0000
0000
0000
0000
1396
30CF
376D
265E
0000
0000
0000
0000
17FF
0000
0000
0000
0000
0000
0000
0000
0000
0000
0000
0000
0000
0000
0000
0000
0000
0000
0000
0000
1CAE
3C93
34B1
2CAF
0000
0000
0000
0000
0000
0000
0000
0000
0000
0000
0000
0000
0000
0000
0000
0000
0000
0000
0000
0000
0000
0000
0000
0000
0000
2BE8
3C04
3882
0000
0000
0000
E726
0000
0000
0000
0000
0000
0000
0000
0000
0000
0000
0000
0000
0000
0000
0000
0000
0000
0000
0000
EE16
0000
0000
1EA0
2638
0000
0000
0000
EF83
0000
0000
0000
0000
0000
0000
0000
0000
0000
0000
0000
0000
0000
0000
0000
0000
0000
0000
0000
0000
0000
ECD2
0000
1AD8
0000
0000
1778
EEB4
0000
0000
0000
F078
0000
0000
0000
0000
0000
0000
0FAA
0000
0000
0000
0000
0000
0000
0000
0000
F022
0000
0000
EC8F
0000
0000
0000
1281
0000
0000
0000
0000
0000
0000
0000
0000
0000
0000
0000
0000
0000
0000
0000
0000
0000
0000
0000
0000
0000
0000
0000
0000
E7C6
0000
0000
13F7
0000
0000
0000
0000
0000
0000
0000
0000
0000
0000
0000
0000
0000
0000
0000
0000
0000
0000
0000
0000
0000
0000
1414
0000
E47A
1180
0000
119C
0000
11C9
0000
0000
0000
0000
0000
0000
0000
0000
0000
0000
0000
0000
0000
0000
0000
0000
0000
0000
0000
0000
10C3
E4EB
0000
0000
0000
0000
0000
0000
0000
0000
1087
0000
0000
0000
0000
0000
0000
0000
0000
0000
0000
0000
0000
0000
0000
0000
0000
0000
0000
0000
DCAD
EB70
0000
0000
13F4
0000
0000
0000
0000
0000
0000
0000
0000
0000
0000
0000
0000
0000
0000
0000
0000
0000
0000
0000
0000
0000
0000
EF0B
0000
EE9D
0000
0FAF
0000
147E
0000
0000
1020
0000
0000
0000
0000
0000
0000
0000
0000
0000
0000
0000
0000
0000
0000
0000
0000
0000
0000
E8BD
0000
0000
ED88
1507
0000
0000
17D4
0000
10E5
1316
0000
0000
0000
0000
0000
0000
0000
0000
0000
0000
0000
0000
0000
0000
0000
0000
0000
E99C
0000
0000
ED79
0000
0000
1124
0000
0000
0000
0000
0000
0000
0000
0000
0000
0000
0000
0000
0000
0000
0000
0000
0000
0000
0000
0000
0000
0000
0000
0000
0000
0000
1273
307E
13B6
0000
0000
0000
0000
0000
0000
0000
0000
0000
0000
0000
0000
0000
0000
0000
0000
0000
0000
1811
0000
101F
EA0C
0000
0000
0000
0000
2531
2229
0000
0000
0000
0000
0000
0000
0000
0000
1086
0000
0000
0000
0000
0000
0000
0000
0000
0000
18C7
10CB
0000
F016
0000
0000
0000
113E
0000
0000
0000
0000
0000
0000
1087
0000
1316
0000
0000
0000
0000
1419
154C
20F8
227A
1DEC
25B6
2458
1073
1E82
0000
0000
0000
0000
0000
0000
0000
1824
0000
0000
0000
0000
0000
10B0
184A
1454
2035
1E6A
2582
25E3
1E22
1B66
26BB
27FD
2955
1E35
2156
0000
0000
0000
0000
0000
0000
0000
0000
0000
E837
0000
0000
0000
0000
0000
0000
17EC
0000
1B5D
0000
0000
0000
0000
0000
0000
0000
0000
0000
0000
0000
0000
0000
0000
0000
0000
0000
0000
0000
0000
0000
0000
0000
0000
0000
0000
1039
1291
0000
0000
0000
0000
0000
0000
0000
0000
0000
0000
0000
0000
0000
0000
0000
0000
0000
0000
0000
0000
0000
0000
0000
EAC7
0000
0000
0000
1F9B
1A33
0FBB
0000
0000
0000
ED8D
EF87
EEC5
0000
0000
0000
0000
0000
0000
0000
0000
EC1B
EE4F
0000
0000
E753
EEB3
D87E
D570
D0F5
C533
E188
E37B
0000
E5FB
ED91
EAB0
EC0A
0000
D9AB
E4B5
EA31
0000
ED25
0000
0000
0000
0000
0000
E7C3
E8BA
0000
E8B7
D1EE
C93A
CF85
C4A6
CBCC
C074
ACEF
B336
C824
D13F
E6DD
0000
EF17
0000
0000
0000
11F4
EE61
0000
0000
0000
0000
0000
11A4
0000
0000
E9D8
E1C8
0000
0000
0000
0000
0000
0000
0000
0000
0000
0000
0000
0000
0000
0000
0000
0000
0000
0000
0000
0000
E29F
0000
0000
0000
0000
0000
0000
0000
0000
0000
0000
0000
12AA
0000
1077
0000
0000
0000
0000
0000
0000
0000
0000
0000
0000
0000
0000
0000
0000
0000
0000
0000
0000
0000
0000
0000
0000
0000
0000
0000
0000
0000
0000
0000
0000
0000
0000
0000
0000
0000
0000
0000
0000
0000
0000
0000
0000
0000
0000
0000
0000
0000
0000
0000
0000
0000
0000
0000
0000
0000
10AF
0000
0FB6
1236
0000
0000
0000
0000
0000
0000
0000
0000
0000
0000
0000
109E
1674
0000
0000
0000
0000
0000
0000
0000
0000
0000
0000
0000
0000
0000
0000
0000
0000
0000
0000
0000
0000
0000
0000
0000
0000
0000
0000
0000
1D9B
0000
0000
0000
0000
0000
0000
0000
0000
0000
0000
0000
0000
0000
0000
0000
0000
0000
0000
0000
0000
0000
0000
0000
0000
0000
0000
0000
20B4
0FA1
0000
0000
0000
0000
0000
0000
0000
0000
0000
0000
0000
0000
0000
0000
0000
0000
0000
0000
0000
0000
0000
0000
0000
0000
0000
1648
161D
105B
0000
0000
0000
0000
0000
0000
0000
0000
0000
0000
0000
0000
0000
0000
0000
1110
0000
0000
0000
10F8
0000
0000
0000
1283
EC9D
0000
134A
223C
0FEC
0000
0000
0000
0000
0000
0000
0000
0000
0000
0000
0000
0000
0000
0000
0000
0000
0000
0000
19F8
0000
0000
0000
0000
0000
0000
0000
1F5D
0000
1009
0000
0000
0000
0000
0000
0000
0000
0000
0000
0000
0000
0000
0000
0000
0000
0000
0000
0000
EC11
E97A
0000
0000
0000
EB56
0000
18C8
0000
0000
0000
0000
0000
0000
0000
0000
0000
0000
0000
0000
0000
0000
0000
0000
0000
0000
0000
0000
0000
E95C
0000
0000
0000
0000
0000
0000
0000
0000
0000
0000
0000
0000
0000
0000
0000
0000
0000
0000
0000
0000
0000
0000
0000
0000
0000
0000
0000
EE5C
0000
0F91
132A
13A8
0000
0000
0000
0000
0000
0000
0000
0000
0000
0000
0000
0000
0000
0000
0000
0000
0000
0000
0000
0000
0000
0000
0000
0000
0000
1071
0000
0000
0000
0000
0000
ECF0
0000
0000
0000
0000
0000
0000
0000
1344
0000
0000
0000
0000
0000
0000
0000
0000
0000
0000
0000
0000
0000
0000
0000
0000
0000
1D9E
0000
0000
0000
0000
0000
0000
0000
0000
0000
0000
0000
0000
0000
0000
0000
0000
0000
0000
0000
0000
0000
0000
0000
0000
0000
0000
0000
0000
0000
0000
0000
0000
0000
0000
0000
0000
EFF4
0000
0000
0000
0000
0000
0000
0000
0000
0000
0000
0000
0000
0000
0000
0000
0000
0000
F081
0000
0000
0000
0000
0000
0000
0000
0000
0000
0000
EEA6
0000
0000
0000
0000
0000
0000
0000
0000
0000
0000
0000
0000
141B
ECD7
EFE6
0000
0000
0000
EB7A
EF76
0000
0000
0000
0000
0000
0000
0000
0000
0000
0000
0000
0000
0000
0000
0000
0000
0000
0000
0000
1A3E
0000
E926
0000
0000
0000
0000
E976
0000
0000
0000
0000
0000
0000
0000
0000
0000
0000
0000
0000
0000
0000
0000
0000
0000
0000
0000
0000
1393
0000
0000
0000
0000
0000
E5CD
E283
0000
0000
0000
0000
0000
0000
0000
0000
0000
0000
0000
0000
0000
0000
0000
0000
0000
0000
0000
0000
0000
0000
0000
0000
0000
0000
0000
0000
0000
0000
0000
0000
0000
0000
0000
0000
0000
0000
0000
0000
0000
0000
0000
0000
0000
0000
0000
0000
0000
EDC4
0000
0000
0000
0000
0000
0000
0000
0000
0000
0000
0000
0000
0000
0000
0000
0000
104B
0000
14D1
0000
1208
1049
1C42
11FB
0000
0000
F094
0000
0000
0000
0000
0000
0000
0000
0000
0000
0000
1ADF
21E1
23BA
1A45
1A7D
2012
1EEF
2DFD
2118
2324
2172
20D1
1AC0
1939
216C
1686
0000
EE7C
0000
0000
0000
0000
0000
0000
0000
0FAA
1E35
0000
0000
0000
17BD
1F2C
1B14
1458
3052
309E
1A67
2139
3295
2A18
2CEA
0000
19EE
0000
14CE
0000
0000
0000
0000

