000
000
000
000
000
000
000
000
000
000
000
000
11E
000
EF5
000
000
000
000
000
000
000
000
000
000
000
000
000
000
000
000
000
000
148
268
2C3
1CC
161
2C2
000
000
000
16B
000
000
000
327
27E
2A1
1C4
000
000
000
000
000
000
000
000
000
000
000
1C1
1BF
000
2C2
270
335
1D7
1AD
2AA
31E
2B9
1DB
2C3
2FA
2E0
313
245
131
15F
000
000
000
000
000
000
14F
000
108
000
181
240
193
209
1E3
18B
000
132
17D
000
000
0FF
19E
16A
124
130
18B
000
000
000
000
000
000
000
000
000
000
000
000
000
000
000
000
000
000
000
121
000
000
000
000
000
000
000
000
000
000
EEE
000
000
000
000
14F
EEC
000
000
000
000
000
000
000
000
000
000
000
000
000
000
000
000
000
000
000
000
000
000
000
179
000
000
000
E43
000
000
EDC
000
000
000
000
000
000
000
000
000
000
000
000
000
000
000
000
000
000
000
000
165
000
EF0
000
E1F
000
000
000
000
000
000
000
000
000
000
000
000
000
000
000
000
000
000
000
000
000
000
000
000
000
E69
000
000
000
000
000
000
000
000
000
000
000
000
000
000
000
000
000
000
000
000
000
000
000
180
000
000
000
EA0
000
000
000
000
000
000
000
000
000
000
000
000
000
000
000
000
000
000
000
000
000
000
000
000
000
E4D
000
EC4
EA8
E61
000
000
000
000
000
000
000
000
000
EEB
EB6
EF6
F06
000
000
000
000
000
000
000
000
000
000
EB4
EF2
000
F00
000
000
000
000
000
000
000
000
000
000
000
000
000
000
000
000
000
000
000
000
000
000
000
000
000
000
000
000
000
000
000
000
000
000
000
000
000
000
0F8
000
000
000
000
000
000
000
10B
000
13E
1AF
000
000
000
106
000
000
000
000
000
000
000
000
000
000
000
000
165
175
124
000
000
000
000
000
000
000
000
000
000
000
000
000
000
E8F
12A
000
000
000
000
000
000
000
000
000
1D0
1C1
000
000
000
000
000
000
000
000
000
000
000
000
000
000
000
000
120
000
000
000
000
000
000
000
000
12C
1E3
1B4
000
000
000
000
000
000
000
000
000
000
000
000
EF5
000
000
000
000
EC8
000
000
000
000
000
000
125
18C
20E
186
000
000
000
000
EDB
ECC
000
000
000
000
1B5
000
000
000
EFC
112
000
000
000
000
000
000
000
162
18F
19D
162
000
000
000
000
000
000
000
000
000
000
000
000
000
000
000
000
000
000
000
000
000
000
000
108
122
12D
169
000
000
000
000
000
000
000
000
000
000
11E
100
11D
000
1BC
000
EDE
000
000
000
000
000
000
000
000
10E
000
000
000
000
000
000
000
000
000
000
000
000
000
0FC
183
15D
17B
000
000
000
000
000
000
000
000
000
000
000
000
000
000
000
000
000
000
000
000
000
11E
000
000
000
000
16D
000
000
000
000
000
000
000
000
000
000
000
000
000
000
000
000
000
000
000
000
000
000
000
000
120
000
000
000
000
000
14C
000
000
125
000
000
000
000
000
000
000
000
000
000
000
000
000
000
123
000
000
000
000
000
000
000
000
000
000
000
000
000
000
000
000
000
000
000
000
000
105
000
000
000
000
000
000
15B
000
12B
000
000
000
000
000
000
000
000
E0F
D5E
E06
000
000
000
000
000
000
000
000
000
000
128
000
104
000
000
000
000
118
000
139
000
000
000
000
000
E84
DFE
EB1
000
000
000
000
000
000
000
000
000
000
000
000
000
000
102
000
000
000
E6B
000
ED3
000
000
000
000
000
000
E78
000
000
000
000
000
000
000
000
000
000
000
000
000
000
000
000
000
1A7
000
000
000
000
000
000
000
000
000
000
000
000
000
000
000
161
000
000
000
163
000
0FD
1B0
16F
167
000
000
000
000
000
000
000
000
000
000
000
000
000
000
000
000
000
000
000
15B
1A7
12C
000
000
000
000
000
000
000
000
000
000
000
000
000
000
000
000
000
000
12E
199
212
287
1D6
1E9
107
187
259
000
000
251
150
1C2
240
1F4
184
16E
000
000
000
000
000
000
000
000
151
109
000
000
000
102
000
119
140
000
000
000
000
000
000
000
000
000
177
000
26A
222
152
000
000
000
000
000
12C
000
000
000
000
000
000
000
000
000
000
000
000
000
000
000
000
000
000
000
000
102
104
000
000
000
000
000
260
000
000
000
000
000
105
0FC
000
000
000
000
000
000
000
000
000
000
000
EDA
DF3
E03
000
000
000
000
000
000
000
000
EF6
000
000
000
000
000
000
000
000
000
000
000
000
000
000
000
000
000
000
EC7
000
000
000
000
000
102
14B
000
000
000
000
000
000
000
000
000
000
000
000
000
000
000
000
000
000
000
000
DE9
F06
000
000
000
000
000
121
000
000
000
000
000
000
000
000
000
000
000
000
000
000
000
000
000
000
000
000
000
DF6
000
000
000
000
0FE
000
000
000
000
000
000
000
000
000
000
000
000
000
000
000
000
000
000
000
000
000
EEA
D26
000
000
000
000
13F
113
15F
14C
000
000
000
000
000
000
000
000
000
000
000
000
000
000
000
000
000
000
000
D74
000
000
000
000
000
000
000
000
000
000
000
000
000
000
000
000
000
000
000
000
000
000
000
000
000
000
000
DA8
EBA
000
000
000
000
EF3
EF0
000
000
000
000
000
EA6
000
EE2
EF2
EDC
EF0
000
000
000
000
000
000
000
191
000
ECA
DA9
000
000
000
000
DEC
E5A
E6C
DB5
DED
EF0
EBB
000
000
000
000
EF3
000
000
000
000
000
000
000
000
000
16B
0FA
E5B
E74
000
000
000
E8E
D3C
E89
E71
000
EF6
000
000
000
000
000
000
000
000
000
000
000
000
000
000
000
14C
000
000
000
000
EC1
000
E8B
E1D
000
000
000
000
000
000
000
000
000
000
000
000
000
000
000
000
000
000
000
000
000
246
000
000
000
000
000
000
123
000
000
000
000
000
000
000
000
000
000
000
000
000
000
000
000
000
000
000
207
1CF
12A
000
000
000
000
000
000
000
000
000
000
000
000
000
000
000
000
000
000
000
000
000
000
000
000
000
323
1A6
139
000
000
000
000
000
000
000
000
000
000
000
000
000
000
000
000
000
000
000
000
000
000
000
000
0FC
38A
2E0
1E3
000
000
000
000
000
000
000
000
000
000
000
000
000
000
000
000
000
000
000
000
000
000
000
000
1A9
297
000
000
000
154
000
000
000
000
000
000
000
000
000
000
000
000
000
000
000
000
000
000
000
000
12D
000
149
161
000
000
000
17F
000
000
000
10E
000
000
000
000
000
000
000
000
000
000
000
000
000
000
000
000
000
000
000
000
000
000
EF7
000
1E5
0F9
000
000
000
000
000
000
000
000
000
000
000
000
000
000
000
000
000
000
000
11D
000
142
1A8
000
000
EEC
1FA
135
000
000
000
000
000
000
000
000
000
000
000
000
000
000
000
000
000
000
000
000
000
000
000
000
000
000
000
000
000
000
000
000
000
000
000
000
000
000
000
000
000
000
000
000
000
000
15A
000
000
135
EDC
000
000
000
000
000
000
000
000
000
000
000
000
000
000
000
000
000
000
000
000
000
000
000
000
E12
1B4
10F
000
000
000
000
000
EE9
000
000
000
000
000
000
000
000
000
000
000
133
000
000
000
000
E90
E84
DF7
D35
EE6
000
000
000
000
000
000
EF6
000
EE8
EDB
000
000
000
000
000
000
000
000
000
000
000
000
000
000
000
EF7
000
000
000
000
000
000
000
000
000
10C
000
127
0FC
000
000
1E4
000
000
174
174
12C
178
222
000
000
000
000
000
000
000
000
000
000
000
000
000
000
000
000
000
000
000
000
000
000
000
000
000
000
000
000
000
000
000
000
000
000
000
000
000
000
000
000
000
000
000
EDB
000
EF3
000
000
000
E61
DD6
EDB
000
155
1A9
000
E76
E3D
EDB
ECF
000
000
000
000
000
000
000
000
000
000
E9F
E88
000
EAD
000
000
000
000
000
000
000
111
148
000
000
000
000
000
EF5
14E
000
121
000
000
000
000
000
000
EFD
1A2
000
000
000
000
000
000
16A
1B2
000
000
130
000
000
000
000
000
E63
E50
EF2
000
000
000
000
000
000
110
000
146
000
000
121
15F
0FA
000
119
000
000
000
000
000
000
000
000
000
000
E29
E88
000
000
000
000
000
25C
174
000
1D8
000
000
000
000
000
000
000
000
000
000
000
000
000
000
000
000
000
000
000
000
000
000
000
000
000
133
000
000
113
000
000
000
000
000
000
000
000
000
000
000
000
000
000
000
000
000
EB3
DAC
000
000
000
21F
000
160
1BA
000
000
000
000
000
000
000
000
000
000
000
000
000
000
000
000
000
000
000
DFD
CF4
000
000
000
1FF
1E3
0FD
1B6
000
000
000
000
000
000
000
000
000
000
000
000
000
000
000
000
000
000
EB2
C86
C9F
000
000
000
14E
284
000
211
000
000
0FC
000
000
000
000
000
000
000
000
000
000
000
000
000
000
000
000
CFB
D54
000
000
000
21D
154
000
158
000
000
000
000
EB4
E95
E61
E6B
000
000
000
000
000
000
000
000
000
000
000
CA2
000
11E
000
000
000
000
000
000
EC8
E69
DDA
E19
E73
F00
000
000
000
000
000
000
000
000
000
000
000
000
000
000
1D3
000
166
000
000
000
000
E1A
E00
D2C
EAB
EA0
000
000
EFB
000
000
000
000
000
000
000
000
000
ED3
EAC
EEC
000
1D0
18B
000
000
ED0
000
000
E2F
DB1
E51
000
000
000
000
000
000
000
000
000
000
000
000
000
000
000
E91
EED
000
15C
000
000
000
000
000
000
000
EB9
000
000
000
000
000
000
000
000
12C
000
000
000
000
000
000
000
000
000
000
000
162
000
000
000
000
000
000
000
000
000
000
000
000
000
000
000
14B
000
000
000
000
000
000
000
000
000
000
0FC
179
10B
000
162
000
178
000
000
000
000
000
000
000
000
000
000
000
000
000
000
000
000
000
000
000
000
119
132
1F7
000
000
147
000
000
000
000
000
000
000
000
000
000
000
000
000
000
000
000
000
000
000
000
000
000
000
14B
20F
000
000
11D
000
11A
000
000
000
000
000
000
000
000
000
000
000
000
000
000
000
000
000
000
000
000
000
1F7
15F
1FA
000
EEE
000
132
000
000
000
000
000
000
000
000
000
000
000
000
000
000
000
000
000
000
000
000
000
1AC
169
136
000
000
EE4
0FD
138
000
000
000
000
000
000
000
000
000
000
000
000
000
000
000
000
000
000
000
000
000
104
000
000
000
18C
152
000
000
000
000
000
000
000
000
000
000
000
000
000
000
000
000
000
000
000
000
000
000
10D
000
130
19B
000
1BE
10C
148
000
000
000
000
000
000
000
000
000
000
000
000
000
000
000
000
000
000
000
000
207
000
000
000
143
000
000
000
000
000
000
000
000
000
000
000
000
000
000
000
000
000
000
000
000
EC0
000
000
179
000
000
000
1C0
000
000
10C
169
000
000
000
000
000
000
000
000
000
000
000
000
000
000
000
000
000
0FC
000
190
000
000
000
000
EE6
000
000
000
000
11E
11B
000
000
125
000
000
000
000
000
000
000
000
000
EDE
DF8
000
000
000
000
000
000
000
000
000
000
EDB
000
000
000
000
000
000
000
000
000
000
10F
000
000
000
EF6
E51
000
000
0FF
000
000
000
000
000
000
000
000
000
15F
0FA
1CC
000
178
167
103
118
000
000
000
000
0FD
132
EE4
ED4
000
000
000
000
000
000
000
000
000
000
000
000
000
000
000
000
000
000
000
000
000
000
000
000
000
000
000
000
000
000
000
000
000
000
000
000
000
000
000
000
000
000
000
000
000
000
000
000
000
000
000
0FC
000
000
000
000
000
000
000
000
000
000
000
000
000
000
EEF
000
000
EA8
E2B
E61
EE4
E27
F08
000
000
000
000
130
110
000
000
000
000
EC3
EB1
000
000
000
000
000
000
EE3
000
000
000
000
000
000
000
10C
000
000
113
000
000
000
000
000
000
000
000
000
000
000
000
000
000
000
1A0
119
000
000
000
000
000
0FC
136
120
000
000
11B
000
000
000
000
000
000
000
000
102
15E
1CA
000
000
000
E9E
178
000
000
000
000
000
000
000
17A
000
000
000
000
000
000
000
000
000
000
000
000
000
105
177
EB2
000
000
000
0F7
000
000
000
000
000
000
000
103
000
116
000
000
000
000
000
000
000
000
000
000
172
1E7
162
000
000
160
000
000
000
000
000
000
000
000
000
000
000
000
114
122
110
000
000
000
000
000
000
000
114
25E
10A
13D
000
000
000
0F7
000
000
000
000
000
000
000
000
000
000
000
000
100
000
000
000
000
000
000
000
206
260
1B8
1E8
000
000
000
1A3
000
000
000
000
000
000
000
000
000
000
000
000
000
000
000
000
000
000
000
139
30C
376
265
000
000
000
000
17F
000
000
000
000
000
000
000
000
000
000
000
000
000
000
000
000
000
000
000
1CA
3C9
34B
2CA
000
000
000
000
000
000
000
000
000
000
000
000
000
000
000
000
000
000
000
000
000
000
000
000
000
2BE
3C0
388
000
000
000
E72
000
000
000
000
000
000
000
000
000
000
000
000
000
000
000
000
000
000
000
EE1
000
000
1EA
263
000
000
000
EF8
000
000
000
000
000
000
000
000
000
000
000
000
000
000
000
000
000
000
000
000
000
ECD
000
1AD
000
000
177
EEB
000
000
000
F07
000
000
000
000
000
000
0FA
000
000
000
000
000
000
000
000
F02
000
000
EC8
000
000
000
128
000
000
000
000
000
000
000
000
000
000
000
000
000
000
000
000
000
000
000
000
000
000
000
000
E7C
000
000
13F
000
000
000
000
000
000
000
000
000
000
000
000
000
000
000
000
000
000
000
000
000
000
141
000
E47
118
000
119
000
11C
000
000
000
000
000
000
000
000
000
000
000
000
000
000
000
000
000
000
000
000
10C
E4E
000
000
000
000
000
000
000
000
108
000
000
000
000
000
000
000
000
000
000
000
000
000
000
000
000
000
000
000
DCA
EB7
000
000
13F
000
000
000
000
000
000
000
000
000
000
000
000
000
000
000
000
000
000
000
000
000
000
EF0
000
EE9
000
0FA
000
147
000
000
102
000
000
000
000
000
000
000
000
000
000
000
000
000
000
000
000
000
000
E8B
000
000
ED8
150
000
000
17D
000
10E
131
000
000
000
000
000
000
000
000
000
000
000
000
000
000
000
000
000
E99
000
000
ED7
000
000
112
000
000
000
000
000
000
000
000
000
000
000
000
000
000
000
000
000
000
000
000
000
000
000
000
000
000
127
307
13B
000
000
000
000
000
000
000
000
000
000
000
000
000
000
000
000
000
000
181
000
101
EA0
000
000
000
000
253
222
000
000
000
000
000
000
000
000
108
000
000
000
000
000
000
000
000
000
18C
10C
000
F01
000
000
000
113
000
000
000
000
000
000
108
000
131
000
000
000
000
141
154
20F
227
1DE
25B
245
107
1E8
000
000
000
000
000
000
000
182
000
000
000
000
000
10B
184
145
203
1E6
258
25E
1E2
1B6
26B
27F
295
1E3
215
000
000
000
000
000
000
000
000
000
E83
000
000
000
000
000
000
17E
000
1B5
000
000
000
000
000
000
000
000
000
000
000
000
000
000
000
000
000
000
000
000
000
000
000
000
000
000
103
129
000
000
000
000
000
000
000
000
000
000
000
000
000
000
000
000
000
000
000
000
000
000
000
EAC
000
000
000
1F9
1A3
0FB
000
000
000
ED8
EF8
EEC
000
000
000
000
000
000
000
000
EC1
EE4
000
000
E75
EEB
D87
D57
D0F
C53
E18
E37
000
E5F
ED9
EAB
EC0
000
D9A
E4B
EA3
000
ED2
000
000
000
000
000
E7C
E8B
000
E8B
D1E
C93
CF8
C4A
CBC
C07
ACE
B33
C82
D13
E6D
000
EF1
000
000
000
11F
EE6
000
000
000
000
000
11A
000
000
E9D
E1C
000
000
000
000
000
000
000
000
000
000
000
000
000
000
000
000
000
000
000
000
E29
000
000
000
000
000
000
000
000
000
000
000
12A
000
107
000
000
000
000
000
000
000
000
000
000
000
000
000
000
000
000
000
000
000
000
000
000
000
000
000
000
000
000
000
000
000
000
000
000
000
000
000
000
000
000
000
000
000
000
000
000
000
000
000
000
000
000
000
000
000
10A
000
0FB
123
000
000
000
000
000
000
000
000
000
000
000
109
167
000
000
000
000
000
000
000
000
000
000
000
000
000
000
000
000
000
000
000
000
000
000
000
000
000
000
000
1D9
000
000
000
000
000
000
000
000
000
000
000
000
000
000
000
000
000
000
000
000
000
000
000
000
000
000
000
20B
0FA
000
000
000
000
000
000
000
000
000
000
000
000
000
000
000
000
000
000
000
000
000
000
000
000
000
164
161
105
000
000
000
000
000
000
000
000
000
000
000
000
000
000
000
111
000
000
000
10F
000
000
000
128
EC9
000
134
223
0FE
000
000
000
000
000
000
000
000
000
000
000
000
000
000
000
000
000
000
19F
000
000
000
000
000
000
000
1F5
000
100
000
000
000
000
000
000
000
000
000
000
000
000
000
000
000
000
000
000
EC1
E97
000
000
000
EB5
000
18C
000
000
000
000
000
000
000
000
000
000
000
000
000
000
000
000
000
000
000
000
000
E95
000
000
000
000
000
000
000
000
000
000
000
000
000
000
000
000
000
000
000
000
000
000
000
000
000
000
000
EE5
000
0F9
132
13A
000
000
000
000
000
000
000
000
000
000
000
000
000
000
000
000
000
000
000
000
000
000
000
000
000
107
000
000
000
000
000
ECF
000
000
000
000
000
000
000
134
000
000
000
000
000
000
000
000
000
000
000
000
000
000
000
000
000
1D9
000
000
000
000
000
000
000
000
000
000
000
000
000
000
000
000
000
000
000
000
000
000
000
000
000
000
000
000
000
000
000
000
000
000
000
000
EFF
000
000
000
000
000
000
000
000
000
000
000
000
000
000
000
000
000
F08
000
000
000
000
000
000
000
000
000
000
EEA
000
000
000
000
000
000
000
000
000
000
000
000
141
ECD
EFE
000
000
000
EB7
EF7
000
000
000
000
000
000
000
000
000
000
000
000
000
000
000
000
000
000
000
1A3
000
E92
000
000
000
000
E97
000
000
000
000
000
000
000
000
000
000
000
000
000
000
000
000
000
000
000
000
139
000
000
000
000
000
E5C
E28
000
000
000
000
000
000
000
000
000
000
000
000
000
000
000
000
000
000
000
000
000
000
000
000
000
000
000
000
000
000
000
000
000
000
000
000
000
000
000
000
000
000
000
000
000
000
000
000
000
EDC
000
000
000
000
000
000
000
000
000
000
000
000
000
000
000
000
104
000
14D
000
120
104
1C4
11F
000
000
F09
000
000
000
000
000
000
000
000
000
000
1AD
21E
23B
1A4
1A7
201
1EE
2DF
211
232
217
20D
1AC
193
216
168
000
EE7
000
000
000
000
000
000
000
0FA
1E3
000
000
000
17B
1F2
1B1
145
305
309
1A6
213
329
2A1
2CE
000
19E
000
14C
000
000
000
000

